0
0
0
0
0
0
0
0
0
0
0
0
0
0
0
0
0
0
0
0
0
0
0
0
0
0
0
0
0
0
0
0
0
0
0
0
0
0
0
0
0
0
0
0
0
0
0
0
-0.0774556374230702
0
0
0
0
0
0
-0.526365102319552
-0.662787201872111
0.176712820031046
-0.0601014632526604
0
0
0
0
0
0
0
0
0
0
0
0
0
0
0
0
0
0
0
0
0
0
0
0
0
0
0
0
0
0
0
0
0
0
0
0
0
0
0
0
0
0
0
0
0
0
0
0
0
0
0
0
0
0
0
0
0
0
0
0
0
0
0
0
0
0
0
0
0
0
0
0
0
0
0
0
0
0
0
0
0
0
0
0
0
0
0
0
0
0
0
0
0
0
0
0
0
0
0
0
0
0
0
0
-0.151018901384144
0
-0.36363102739493
0
0
0.299826035744206
0.299015214881812
0
0
0
0
0
0
0
0
0
0
0
0
0
0
0.711368761872066
0.38571932115341
-1.32261200262624
-0.620912997102127
0.231403484438554
-0.0569742558258089
-0.31180509181199
0
0
0
0
0
0
0
0
0
0
0
0
-0.253496652995957
0.0549676397732105
0
0
-0.243980145539115
-0.0565024319157372
0.504042917937876
-0.562172760462153
-0.0511502035958061
0.371115848729499
0
0
0
0
0.47086298616292
0.1095228536566
0.12299634577719
-0.888198106590587
0
0
0.176679785429748
0.631448982984423
-0.0992341867197309
0.191508205757615
-0.846531984480141
-0.811444529297656
0.29060511372498
-0.0529074171521818
0.0402908311252232
-0.125404863203788
-0.515177241873203
-0.571552883326456
0.787773012823965
0.391005763036834
-0.171940790871697
0.392412269911639
0
0
0
-0.475754342280735
-0.851884184964394
0.19290071649931
-0.115644083454423
-0.154637094910135
0.776445800877691
-0.171478165027692
0.798680822592525
1.24754856128342
-0.511983506927568
0
0
0
0
0
0
0
0
0
0
0
0
0
0
0
0
0
0
0
0
0
0
0
0
0
0
0
0
0
0
0
0
0
0
0
0
0
0
0
0
0
0
0
0
0
0
0
0
0
0
0
0
0
0
0
0
0
0
0
0
0
0
0
0
0
0
0
0
0
0
0
0
0
0
0
0
0
0
0
0.456754581570312
0
0
0
0
0
0
0
0
0
0
0
0
0
0
0
0
0
0
0
0
0
0
0
0
0
0
0
0
0
0
0
0
0
0
0
0
0
0
0
0
0
0
0
0
0
0
0
0
0
0
0
0
0
0
0
0
0
0
0
0
0
0
0
0
0
0
0
0
0
0
0
0
0
0
0
0
0
0
0
0
0
0
0
0
0
0
0
0
0
0
0
0
0
0
0
0
0
0
0
0
0
0
0
0
0
0
0
0
0
0
0
0
0
0
0
0
0
0
0
0
0
-0.28948016040124
0.2830716612485
0.406503870177217
-0.0840268752129611
0.250636450906077
0
0
0
0
0
0
0
0
0
0
0
0
0
0
0
0
0
0
0
0
0
0
0
0
0
0
0
0
0
0
0
0
0
0
0
0
0
0
0
0
0
0
0
0
0
0
0
0
0
0
0
0
0
0
0
0
0
0
0
0
0
0
0
0
0
0
0
0
0
0
-0.412548880144915
0.576143703564149
0.043146558538628
0.181660730700868
-0.239934958008658
-0.596518690199653
0.53933555007232
0
0
0
0
0
0
0
0
0
0
0
0
0
0
0
0
0
0
0
0
0
0
0
0
0
0
0
0
0
0
0
0
0
0
0
0
0
0
-0.0116485250954914
1.01945787472743
0.626895169285224
0.461203470207719
-0.0278306884138022
-0.322756116069923
-0.89817271228567
-0.509325724593012
0.580391415226576
-0.140100447119644
0
0
0
0
0
0
-0.172545427499249
0
0.372376216332335
0.234098379282747
-0.398312154175941
0
0
0
0
0
0
0
0
0
0
0
0
0
0
0
0
0
0
0
-0.0910254262098793
-0.579699772717791
-0.0200954940702717
-0.123686951045927
-0.645352335513628
-0.416174818759773
0.40615925460862
-0.156801696268093
-0.291157228846437
-0.387605154419714
-0.172058553599396
-0.328517469242277
-0.744117500263113
-0.129794902567705
-0.0296665317065344
-0.836962543977631
0
0
0.294385835951271
-0.292394290872305
0
0
0
-0.243761162541675
0.0721364464117392
-0.268023323542606
0.354710984834939
0.291759987366749
-0.461571213313279
-0.456603235221392
-0.241376274173457
-0.321921608466229
-0.218974776840591
0.0959178507924606
0.628380270870879
-0.308158671865829
-0.151603146787726
0.3975524893962
1.08357907192449
0.184063893571215
0.874193732077334
-0.297631961721941
0.425184674729331
0.903567222208645
0.66940192255366
0.0445473754266864
0.480542557003397
0.477302222634577
0
-0.136930663783635
0.947361555278648
-0.109572839600767
0.1560476215292
0
0
0
0.458145839893256
0.0273098644146226
0
0
0
0
0
-0.864640710546501
-0.46031760072547
0.894741141174786
-0.144632590808125
-0.0301344075356302
-0.437406106189355
-0.115797940728497
0.029478338917901
-0.920536188398797
-0.0802458066164644
0.312170032328467
-0.0735496161450488
0.229619976944562
-0.15910905210202
0.145054805480106
0.258071168248626
0.198221777456529
0.0384343953717903
-0.986167228346327
0
0
0
0
0
0
0
0
0
0
0
0
0
0
0
0
0
0
0
0
0
0
0
0
0
0
0
0
0
0
0
0
0
0
0
0
0
0
0
0
0
0
0
0
0
0
0
0
0
0
0
0
0
0
0
0
0
0
0
0
0
0
0
0
0
0
0
0
0
0
0
0
0
0
0
0
0
0
0
0
0
0
0
0
0
0
0
0
0
0
0
0
0
0
0
0
0
0
0
0
0
0
0
0
0
0
0
0
0
0
0
0
0
0
0
0
0
0
0
0
0
0
0
0
0
0
0
0
0
0
0
0
0
0
0
0
0
0
0
0
0
0
0
0
0
0
0
0
0
0
0
0
0
0
0
0
0
0
0
0
0
0
0
0
0
0
0
0
0
-0.481876322182346
0
-0.196119657444406
0
0
0
0
0
0
0
0
-0.775714397926112
-0.437923458755146
0.284844651856116
0.505057913836696
-0.587573712196801
0
0
0
0
0
0
0
0
0
0
0
0
0
0
0
0
0
0
0
0
0
0
0
0
0
0
0
0
0
0
0
0
0
0
0
0
0
0
0
0
0
0
0
0
0
0
0
0
0
0
0
0
0
0
0
0
0
0
0
0
0
0
0
0
0
0
0
0
0
0
0
0
0
0
0
0
0
0
0
0
0
0
0
0
0
0
0
0
0
0
0
0
0
0
0
0
0
0
0
0
0
0
0
0
0
0
0
0
0
0
0
0
0
0
0
0
0
0
0
0
0
0
0
0
0
0
0
0
0
0
0
0
0
0
0
0
0
0
0
0
0
0
0
0
0
0
0
0
0
0
0
0
0
0
0
0
0
0
0
0
0
0
0
0
0
0
0
0
0
0
0
0
0
0
0
0
0
0
0
0
0
0
0
0
0.0138097156473896
0
0
0
0
0
0
0
0
0
0
0
0
0
0
0
0
0
-0.201500098625683
0.931829046855281
0.0783661490571766
0
0
0
0
0
0
0
0
0
0
0
0
0
0
0
0
0
0
0
0
0
0
0
0
0
0
0
0
0
0
0
0
0
0.448808233543561
-0.125370658898392
-0.104583979513989
-0.0844198910637568
0.110710244654997
0.606649275689894
0
0
0
0
0
0
0
0
0
0
0
0
0
0
0
0
0
0
0
0
0
0
0
0
0
0
0
0
0
0
0
0
0
0
0
0
0
0
0
0
0
0
0
0
0
0
0
0
0
0
0
0
0
0
0
0
0
0
0
0
0
0
0
0
0
0
0
0
0
0
0
0
0
0
0
0
0
0
0
0
0
0
0
0
0
0
0
0
0
0
0
0
0
0
0
0
0.45216198806461
0.594647219237919
0.489819550720354
0.220001270254391
0
-0.430710147614138
0
0
0.183829427402951
-0.292095052032773
0.0558014531033085
0.0721917045607324
-0.792713323962917
0
0
0
0
0
0
0
0
0
0
0
0
0
0
0
0
0
0
0
0
0
0
0
0
0
0
0
0
0
0
-0.0736046331077415
0.13239577668977
0.0136027724030018
-0.302020209299886
-0.787358021626948
-0.302766231276424
0
0
0
0
-0.570313352566654
-0.155571262483298
-1.00600642136521
0
0
0
0
0
0
-0.595124398512166
0.890669452683191
0.556274976852979
0.00820288115185466
0.110535995743819
0.96137986703462
0.403394993234649
0.607632505561019
-0.185394585376251
-0.111381586992068
-0.46208208090441
0.0678197745800697
0.689982036965025
-0.93217630246738
-0.493821348438926
-0.271513507924305
-0.526820512766952
-0.116361782865053
-1.17089018811483
-0.442796341572997
-0.177352126442643
0.704690926338551
-0.194882993405382
-0.903107167105308
0
-0.470274488412201
0.943463427792775
0.527077304426471
0.445730398084201
0.223744099817605
0.284817354969478
-0.0308635803525692
-0.0369777148517346
-0.27486891368952
0
0
0
0
0
0
0
0
0
0
0
0.638910177172625
0.0106686492496409
-0.674871556024982
0.883967249687649
0.174113222341982
0.785359123080786
0.903937975856438
-0.535607922598242
-0.312981772759566
-0.273971264132148
-0.346391280959612
0.460992079901325
0.282995581500624
-0.24466375094908
1.09033278812364
-0.443982933708388
-0.327385755474846
0.301879207664862
-1.06567248860309
0.551277956842567
0.639192009528342
0.0933889685785832
-0.434479134128194
-0.929009971734262
-0.0651930536082639
-0.0655971792379434
0.5645309027016
-0.0446315732609079
-0.42522524727123
0.18788771116278
0.05430883088993
0.169292955860773
0
0
-0.749653798570967
0.363199167674926
-0.79774428827919
-0.566304888047351
0.09582665339105
-0.553703095742866
0
0
0
0
0
0
0
0
0
0
0
0
0
0
0
0
0.126250637537331
0.535437265059923
-0.232667981911298
-0.114423893171169
0.295717340899571
-0.726664063135011
-0.404502685809819
-0.0147499929157246
-0.902375023018243
0.0649565761120287
0
0
0
0
0
0
0
0
0
0
0
0
0
0
0
0
0
0
0
0
0
0
0
0
0
0
0
0
0
0
0
0
0
0
0
0
0
0
0
0
0
0
0
0
0
0
0
0
0
0
0
0
0
0
0
0
0
0
0
0
0
0
0
0
0
0
0
0
0
0
0
0
0
0
0
0
0
0
0
0
0
0
0
0
0
0
0
0
0
0
0
0
0
0
0
0
0
0
0
0
0
0
0
0
0
0
0
0
0
0
0
0
0
0
0
0
0
0
0
0
0
0
0
0
0
0
0
0
0
0
0
0
0
0
0
0
0
0
0
0
0
-0.0664348567644789
0
0
0
0
0
0
-0.501898639897001
-0.189673349054215
-0.690395326390312
-0.364374547862934
-0.246759847819562
0.73860986890864
0.39170646326923
-0.335883512492613
0.0148786621464103
-0.616246530968002
0
0
0
0
0
0
0
0
0
0
0
0
0
0
0
0
0
0
0
0
0
0
0
0
0
0
0
0
0
0
0
0
0
0
0
0
0
0
0
0
0
0
0
0
0
0
0
0
0
0
0
0
0
0
0
0
0
0
0
0
0
0
0
0
0
0
0
0
0
0
0
0
0
0
0
0
0
0
0
0
0
0
0
0
0
0
0
0
0
0
0
0
0
0
0
0
0
0
0
0
0
0
0
0
0
0
0
0
0
0
0
0
0
0
0
0
0
0
0
0
0
0
0
0
0
0
0
0
0
0
0
0
0
0
0
0
0
0
0
0
0
0
0
0
0
0
0
0
0
0
0
0
0
0
0
0
0
0
0
0
0
0
0
0
0
0
0
0
0
0
0
0
0
0
0
0
0
0
0
0
0
0
0
0
0
0
0
0
0
0
0
0
0
0
0
0
0
0
0
0
0
0
0
0
0
0
0
0
0
0
0
0
0
0
0
0
0
0
0
0
0
0
0
0
0
0
0
0
0
0
0
0
0
0
0
0
0
0
0
0
0
0
0
0
0
0
0
0
0
0
0
0
0
0
0
0
0
0
0
0
0
0
0
0
0
0
0
0
0
0
0
0
0
0
0
0
0
0
0
0
0
0
0
0
0
0
0
0
0
0
0
0
0
0
0
0
0
0
0
0
0
0
0
0
0
0
0
0
-0.208684526145573
0
0
0
0
0.203528848184753
-0.364812868233808
0.0529589095127828
-0.355370865827594
0
0
0
0
0
0
0
0
0
0
0
0
-0.467296221702905
-0.650249266199744
0.221364177402612
-0.322410078041595
-0.135183198286707
-1.13214878319709
0
0
0
0
0
-0.363414278441339
0
0
0
0
-0.304100807583246
0.0302712786587377
-0.644881268084619
0.24190403510954
0
0
0
0
0
0
0
0
0
0
0
0
0
0
0
0
0
0
0
0
0
0
0
0
0
0
0
0
0
0
0
0
0
0
0
0
0
0
0
0
0
0
0
0
0
0
0
0
0
0
0
0
0
0
0
0
0
0
0
0
0
0
0
0
0
-0.0521414811457117
0.0538084419789125
0
0
0
0
0
0
0
0
0
0.0159493958450911
0.562517326789647
-0.00679581540078422
0.455085123816317
-0.00519844374052969
1.13345729143168
-0.285158201869436
-0.533622584678189
0.738496387606172
-0.200395854583417
0.0949388303278119
0.569469318124741
0
0
0
0
0
0
0
0
0
0
0
0
0
0
0
0
0
0
0
0
0
0
0
0
0
0
0
0
0
0
0
0
0
0
0
0
0
0
0
0
0
0
0
0
0
0
0
0
0
0
0
0
0
0
0
0
0
0
0
0
0
0
0
0
0
0
0
0
0
0
0
0
0
0
0
0
0
0
0
0
0
0
0
0
0
0
0
0
0
0
0
0
0
0
0
0
0
0
0
0
0
0
0
0
0
0
0
0
0
0
0
0
0
0
0
0
0
0
0
0
0
0
0
0
0
0
0
0
0
0
0
0
0
0
0
0
0
0
0
0
0
0
0
0
-0.489677357951959
-0.126380491430369
-0.318896588334919
0
0
0
-0.539408777386686
0.205749118938657
0.399038315144239
0.53946224336845
-0.944620568930842
-0.0244557937144549
0.325937360153593
-0.104349433208557
-0.0330393866528623
0
0
0
0
0.967072579419063
-0.271714432946297
1.23989233496558
0.610384038497439
0.0314590500681687
-0.375978288967047
-0.372216727268833
-0.374313977922917
0.512285964342831
0.35360067537901
0.235678730698833
-0.447408817755888
0.79900018733814
-0.947203881084431
-0.79747814492395
0.17016437177539
-0.398067966483911
-0.541239348610568
-0.593601850920155
0
0
0
0
0
0
0
0
0
0
0
0
0
0
0
0
0
0
0
0
0
0
0
0
0
0
0
0
0
0
0
0
0
0
0
0
0
0
0
0
0
0
0
0
0
0
0
0.71608454426288
0.410095916148269
-0.263707441803615
0.812255226527426
0.64455117220164
-0.173164133098638
-0.417298661762239
-1.08493445664698
-0.000105939106350345
0.603914631456671
0.675825806169427
0.604006076583842
-0.751510490980099
-0.124527364574028
-0.687660875757373
0.60136148614326
0.580158591560637
0.0749243902642098
0.191335489369733
-0.28561474814194
-0.2317126310783
-0.0246551668153792
0.121984122440212
-0.60781898514962
-0.471824660058767
-0.330866774092172
0.329148035871746
0.716170597287312
-0.685878873643974
-0.227619444618632
-0.177895354028554
-0.601338070664665
-0.381650624021151
0.153870651831819
-0.65769175945011
-1.13445337898723
-0.483661993522199
-0.517631352688848
-0.464479051807701
-0.389965037690464
0.819144574436362
0.299003743586716
0.0850640359842235
0.54313569959822
-0.230915991955884
-0.881128413377782
0.913826993867034
0.324431168835953
0.255974227865317
-0.332286718266512
-0.197607292865608
0.56338935132204
-0.347782186517545
-0.305979563420493
-0.188215554880122
-0.704352843172597
-0.0712115017518799
0.0805264218114596
0.53855405469963
-0.300228302790193
0
0
0
0
0
0
0
0
0
0
-0.0270631401642831
0.342659645893125
0.2497376113784
0.893223796381613
-0.505464495512201
0.468490735796406
0.622952767315435
-0.21163891622483
-0.818374593304515
-0.397417637687255
0.455362299477366
0.164789520594391
0.191494346863667
0.0499903160384245
0
0
0
0.356744759969478
-0.10773760057726
-0.065784619891684
-0.016165458291294
-0.369486680112852
-0.0624497977307018
0
0
0
0.661265495931466
-0.58092201919393
0.763170035026132
-0.675165419400428
0.195353805365901
-0.0328753268510258
-0.444650962815895
-0.642311132761509
0.0872458459983256
1.0069116218933
-0.414888854458722
0.798485882606108
-0.568197257947569
-0.826938765639704
0
0
0
0
0
0
0
0
0
0
0
0
0
0
0
0
0
0
0
0
0
0
0
0
0
0
0
0
0
0
0
0
0
0
0
0
0
0
0
0
0
0
0
0
0
0
0
0
0
0
0
0
0
0
0
0
0
0
0
0
0
0
0
0
0
0
0
0
0
0
0
0
0
0
0
0
0
0
0
0
0
0
0
0
0
0
0
0
0
0
0
0
0
0
0
0
-0.243914776017937
0
0
0
0
0
0
0
0
0
0
0
0.111266474410223
0.758528536725397
0.0208200738087187
0
0
0
0
0
0
0
0
0
0
0
0
0
0
0
0
0
0
0
0
0
0
0
0
0
0
0
0
0
-0.743195372341107
0.220069285143826
-0.321789418757429
-0.916797586634806
0.291088605810088
0.116845969230582
-0.23893736514232
0
0.0258289881625684
-0.0148576612119
-0.416495460682026
-0.0569299400959603
-0.5151308300478
0.775509450674952
0
0.0899405916900446
0.477043840238344
0
0
0
0
-0.169511422211562
0.437245308848334
0
0
0
0
0
0
0
0
0
0
0
0
0
0
0
0
0
0
0
0
0
0
0
0
0
0
0
0
0
0
0
0
0
0
0
0
0
0
0
0
0
0
0
0
0
0
0
0
0
0
0
0
0
0
0
0
0
0
0
0
0
0
0
0
0
0
0
0
0
0
0
0
0
0
0
0
0
0
0
0
0
0
0
0
0
0
0
0
0
0
0
0
0
0
0
0
0
0
0
0
0
0
0
0
0
0
0
0
0
0
0
0
0
0
0
0
0
0
0
0
0
0
0.274375913972653
0
0
0
0
0
0
0
0
0
0
0
0
0
0
0
0
0
0
0
0
0
0
0
0
0
0
0
0
0
0
0
0
0
0
0
0
0
0
0
0
0
0
0
0
0
0
0
0
0
0
0
0
0
0
0
0
0
0
0
0
0
0
0
0
0
0
0
0
0
0
0
0
0
0
0
0
0
0
0
0
0
0
0
0
0
0
0
0
0
0
0
0
0
0
0
0
0
0
0
0
0
0
0
0
0
0
0
0
0
0
0
0
0
0
0
0
0
0
0
0
0
0
0
0
0
0
0
0
0
0
0
0
0
0
0
0
0
0
0
0
-0.530772336008218
-0.145714221742607
0.276409452707365
0
0
0
0
0
0
0
0
0
0
0
0
0
0
0
0
0
0
0
0
0
0
0
0
0
0
0
0
0
0
0
0
0
0
0
0
0
0
-0.0394593723092663
-0.683286336751136
0.624532727202967
0.240150071217533
-0.722139629388058
0.306589213222886
0.1234617753664
0.601887405519552
-0.0596013554159417
0.289534353939063
-0.556793569373888
0.112394491676201
-0.486501492870381
0.295367537693781
0
0.277089790871114
0
0
0.251868688971647
0.23203463790352
-0.0700771970357383
0
-0.133323969491575
0.73063548655854
0
-0.445003589970432
0
0.383796946318216
0
0
0
0
0
0
0
0
0
0
0
0
0
0
0
0
0
0
0
0
0
0
0
0
0
0
0
0
0
0
0
0
0
0
0
0
0
0
0
0
0
0
0
0
0
0
0
0
0
0
0
0
0
0
0
0
0
0
0
0
0
0
0
0
0
0
0
0
0
0
0
0
0
0
0
0
0
0
0
0
0
0
0
0
0
0
0
0
0.250792246756768
0
0.0426332317096719
0.327840890226037
0
0.339781383351798
-0.224969970394843
-0.142153207315912
0.00903117529995998
-0.661583448287279
0.567237220314404
0.142181264786599
-0.636328686037667
-0.448289464580971
-0.264811285049284
-0.303410849996979
0.10596682107485
0.423688089733589
-0.967157390555373
-0.906319201691529
0.414499720066506
-0.129942247788804
0
0
0
0
0
0
0
0
0
0
0
0
0
0
0
0
0
0
0
0
0
0
0
0
0
0
0
0
0
0
0
0
0
0
0
0
0
0
0
0
0
0
0
0
0
0
0
0
0
0
0
0
0
0
0
0
0
0
0
0
0
0
0
0
0
0
0
0
0
0
0
0
0
0
0
0
0
0
0
0
0
0
0
0
0
0
0
0
0
0
0
0
0
0
0
0
0
0
0
0
0
0
0
0
0
0
0
0
0
0
0
0
0
0
0
0
0
0
0
0
0
0
0
0
0
0
0
0
0
0
0
0
0
0
0
0
0
0
0
0
0
0
0
0
0
0
0
0
0
0
0
0
0
0
0
0
0
0
0
0
-0.456028400435735
-0.842409609167243
0
0
0
0
0
0.493681144839637
0.194586965703076
0.46116317812097
-0.0411692422022717
-0.128029014338599
-0.436021260608854
0
0.399944584785548
0
-0.298668990148466
0.739227844669266
-0.171569873646868
0.38217745186863
-0.539323756918035
0.181718532736351
1.06462002647093
-0.376267214155531
0
0
0
0
0
0
0
0
0
0
-0.0622474756411832
0.484096566068514
-0.576260677948908
0.815745261327875
-0.0739356916785799
0.474212704976915
0.167005569422705
0.475245721982241
0.300303609543054
0.528904964685409
1.23030318186834
0.166443362627309
-0.665387838886918
-0.678536551606729
0.102993525691191
-0.117442647738706
0.857046992229497
-0.547796003809873
0.0552190700101979
-0.0635038660736077
-0.248651560995569
0.61705846753653
-0.305350162809167
0.868509953803109
-0.0810000072077014
-0.0156764361633644
0.390439545401128
-0.518839448530634
0.591157464940321
-0.575073632810211
-0.488246864942322
-0.180841175834588
0.0188926160705407
-0.813857070096449
0.0543818977972491
0.316504191104167
0.146316808955354
-0.506641924929777
0.146719607451349
0
0
0
-0.880931129911403
-0.235492194232745
0.197308577845432
0.24213415329928
-0.196389231251283
-1.02153101283491
-0.0334000968477215
-0.135598077094411
0.244368068012723
0
0
0
0
0
0
0
0
0
0
0
0
0
0
0
0
0
0
0
0
0
0
0
0
0
0
0
0
0
0
0
0
0
0
0
0
0
0
0
0
0
0
0
0
0
0
0
0
0
0
0
0
0
0
0
0
0
0
0
0
0
0
0
0
0
0
0
0
0
0
0
0
0
0
0
0
0
0
0
0
0
0
0
0
0
0
0
0
0
0
0
0
0
0
0.236593780271132
0.34901224701733
0
0
0.250627471422587
0
0
0
0
0
0
0
0
0
-0.109750375063686
0.0196486856654691
0
0.0835517253848672
-0.00990763486655005
-0.35124392697596
0.518821518138558
0.162693046015646
0
0
0
0
0
0
-0.314968468701632
-0.444569995069224
0.791487129599713
-0.278331616334275
0
0
0
-0.43899430129397
0
-0.412091410587035
0.214244442939464
-0.196471943679755
0.494829130338572
-0.427249189197218
0.846923183282313
0.219793509661356
0.195276891081642
0.298790231096051
-0.23333287749509
0.399026135533073
-0.389593618058702
-0.588965883590447
-0.0884535377359496
0
0
0
0
0
0
0
0
0
0
0
0
0
0
0
0
0
0
0
0
0
0
0
0
0
0
0
0
0
0
0
0
0
0
0
0
0
0
0
0
0
0
0
0
0
0
0
0
0
0
0
0
0
0
0
0
0
0
0
0
0
0
0
0
0
0
0
0
0
0
0
0
0
0
0
0
0
0
0
0
0
0
0
0
0
0
0
0
0
0
0
0
0
0
0
0
0
0
0
0
0
0
0
0
0
0
0
0
0
0
0
0
0
0
0
0
0
0
0
0
0
0
0
0
0
0
0
0
0
0
0
0
0
0
0
0
0
0
0
0
0
0
0
0
0
0
0
0
0
0.597530935883432
0.385282716384815
-0.0521598863822966
-0.420663228021084
0.0544640759450059
-0.813058596589131
-0.152886656319633
0.085739634047334
0
0
0
0
0.447397359316336
0.105830530601159
-0.0244371168707027
-0.90103026889791
0
0
0.488494262531745
0.442258039247479
0.382907848738964
0
-0.139921821998029
0
0
0
0
0
0
0
0
0
0
0
0
0
0
0
0
0
0
0
0
0
0
0
0
0
0
0
0
0
0
0
0
0
0
0
0
0
0
0
0
0
0
0
0
0
0
0
0
0
0
0
0
0
0
0
0
0
0
0
0
0
0
0
0
0
0
0
0
0
0
0
0
0
0
0
0
0
0
0
0
0
0
0
0
0
0
0
0
0
0
0
0
0
0
0
0
0
-0.321580563416596
0.854132299499238
-0.141081612727121
-0.104930245998775
0.0298299646482932
0.433289874397441
0
0
0
0
0
0
0
0
0
0
0
0
0
0
0
0
0
0
0
0
0
0
0
0
0
0
0
0
0
0
0
0
0
0
0
0
0
0
0
0
0
0
0
0
0
0
0
0
0
0
0
0
0
0
0
0
0
0
0
0
0
0
0
0
0
0
0
0
0
0
0
0
0
0
0
0
0
0
0
0
0
0
0
0
0
0
0
0
0
0
0
0
0
0
0
0
0
0
0
0
0
0
0.839579519095139
-0.0535043336865614
-0.128799037119022
0.100497592123939
-0.373208824077926
0.367039589347231
0.157735223961476
-0.0438999773508409
-0.136386863907321
0.325692008740985
-0.494165378825166
-0.0876430442943613
0
0
0
-0.266378538791256
-0.301248923532718
0
0
-0.165478795534808
0.454268362078819
0.351430122594642
-0.433089160430231
0.208983418502641
-0.639347894199646
0.127830313926439
0.406496862356023
0.362829476470446
-0.437172968356377
-0.408283195471403
-0.212198342433048
0.235868972496301
-0.905338468395631
0.431259996982831
-0.703746736008681
0
-0.279891645626512
-0.11864000847513
-0.485291981160969
-0.280994326975055
0.832713063044704
-0.39597348145124
0.402017428318745
0.309888763437905
0.673482766409323
-0.877771332946952
0
0
0
0
0
0
0
0
0
0
0
0
0
0
0
0
0
0
0
0
0
0
0
0
0
0
0
0
0
0
0
0
0
0
0
0
0
0
0
0
0
0
0
0
0
0
0
0
0
0
0
0
0
0
0
0
0
0
0
0
0
0
0
0
0
0
0
0
0
0
0
0
0
0
0
0
0
0
0
0
0
0
0
0
0
0
0
0
0
0
0
0
0
0
0
0
0
0
-0.868877535943573
0.121402758988815
0.260158771576358
0.456165076890827
0.384381352737877
0.527758574461061
-0.486434974843945
0.20112266583655
0
0
0
0
0
0
0
0
0
0
0
0
0
0
0
0
0
0
0
0
0
0
0
0
0
0
0
0
0
0
0
0
0
0
0
0
0
0
0
0
0
0
0
0
0
0
0
0
0
0
0
0
0
0
0
0
0
0
0
0
0
0
0
0
0
0
0
0
0
0
0
0
0.387280268045808
-0.241953837217597
-0.617609193413775
-0.0278891236479276
0
0.361061136916178
0.274105848569243
-0.768245839875307
-0.281633083723551
0
-0.181814827784129
0
0
0
0
0
0
0
-0.450419304258381
-0.184662640076032
-0.827260836694506
0.108637829473815
-0.465946564742859
0
0
0
0
-0.218644957496442
-0.289551967379297
0
0
0
0
0
0
0
0
0
0
0
0
0
0
0
0
0
0
0
0
0
0
0
0
0
0
0
0
0
0
0
0
0
0
0
0
0
0
0
0
0
0
0
0
0
0
0
0
0
0
0
0
0
0
0
0
0
0
0
0
0
0
0
0
0
0
0
0
0
0
0
0
0
0
-0.245908724470311
-0.273602493724096
0.52078900000908
0.208788870331214
0.215854769206082
-0.118239770532974
0
0
0
0
0
0
0
0
0
0
0
0
0
0
0
0
0
0
0
0
0
0
0
0
0
0
0
0
0
0
0
0
0
0
0
0
0
0
0
0
0
0
0
0
0
0
0
0
0
0
0
0
0
0
0
0
0
0
0
0
0
0
0
0.191442241495528
-0.187655582807815
-0.782574556577439
-0.975718102778188
0.205999547109188
0.559754729050037
-0.488662648606819
0.0449609658675651
0
0
0
0
0
0
-0.397560878301739
-0.391518345216458
0.638025278137563
-0.931874666272494
0.047813321596278
0.700606834195042
0
0
0
0
0
0
0
0
0
0
0
0
0
0
0
0
0
0
0
0
0
0
0
0
0
0
0
0
0
0
0
0
0
0
0
0
0
0
0
0
0
0
0
0
0
0
0
0
0
0
0
0
0
0
0
0
0
0
0
0
0
0
0
0
0
0
0
0
0
0
0
0
0
0
0
0
0
0
0
0
0
0
0
0
0
0
0
0
0
0
0
0
0
0
0
0
0
0
0
0
0
0
0
0
0
0
0
0
0
0
0
0
0
0
0
0
0
0
0
0
-0.19833638315468
0.499993101199919
0.369955277515839
0.101853854467202
0.69809792881892
0.0895333984522305
-0.544648449019253
-0.00143779349053141
-0.303597468545951
0
0
0
0
0
0
0
0
0
0
0
0
0
0
0
0
0
0
0
0
0
0
0
0
0
0
0
0
0
0
0
0
0
0
0
0
0
0
0
0
0
0
0
0
0
0
0
0
0
0
0
0
0
0
0
0
0
0
0
0
0
0
0
1.27759535519498
0.774667169740638
0.0275356484085482
-0.311741655157886
-0.969413024638495
0.288390785084007
0
0
0
0
0
0
0
0
0
0
0
0
0
0
0
0
0
0
0
0
0
0
0
0
0
0
0
0
0
0
0
0
0
0
0
0
0
0
0
0
0
0
0
0
0
0
0.0428723492760084
-0.259933011537942
0
0
0
0
0
0
0
0
0
0
0
0
0
0
0
0
0
0
0.0251191936636202
-0.191948261481054
-0.0319237572661239
0.686592163843759
0.0644410509797337
-0.222561698372854
0
0
0
0
0
0
0
0
0
0
0
0
0
0
0
0
0
0
0
0
0
0
0
0
0
0
0
0
0
0
0
0
0
0
0
0
0
0
0
0
0
0
0
0
0
0
0
0
0
0
0
0
0
0
0
0
0
0
0
0
0
0
0
0
0
0
0
0
0
0
0
0
0
0
0
0
0
0
0
0
0
0
0
0
0
0
0
0
0
0
0
0
0
0
0
0
0
0
0
0
0
0
0
0
0
0
0
0
0
0
0
0
0
0
0
0
0
0
0
0
0
0
0
0
0
0
0
0
0
0
0
0
0
0
0
0
0
0
0
0
0
0
0
0
0
0
0
0
0
0
0
0
0
0
0
0
0
0
0
0
0
0
0
0
